10
4231 2233 512 4134 1259 391 2674 1511 4446 3677 87
2288 2977 2708 2173 1933 3319 4764 2962 2276 2634 4580
3226 2746 3459 4738 1172 3789 4658 4171 2633 1710 437
4942 1425 4710 3201 416 109 2137 3343 2500 265 2822
4146 2002 1098 3608 4756 85 108 4789 2733 3070 2566
794 3469 667 3324 3591 741 4983 4708 2916 3937 3169
2591 4691 237 3164 283 443 3804 1949 3625 4088 3913
1608 4726 1809 2115 3685 194 816 1964 1083 1929 4647
1971 4011 2827 3899 4647 2052 4838 1600 4769 3960 3376
2114 1278 1516 4549 1025 2947 1636 2623 2695 931 1137
